[
                  	 [0,0,1,2,1,0,0],
                         [0,3,13,22,13,3,0],
                         [1,13,59,97,59,13,1],
                         [2,22,97,159,97,22,2],
                         [1,13,59,97,59,13,1],
                         [0,3,13,22,13,3,0],
                         [0,0,1,2,1,0,0]
                        ]







[
                        [1,4,7,4,1],
                        [4,16,26,16,4],
                        [7,26,41,26,7],
                        [4,16,26,16,4],
                        [1,4,7,4,1]
                        ]







[
                        [1,2,1],
                        [2,4,2],
                        [1,2,1]
                        ]